sOriginal<-c(0.0198675497,0.0093582888,0.1181318681,0.0291262136,0.1462264151,0.0208333333,0.0817843866,0.1151832461,0.0869565217,0.2272727273,0.1724137931,0.0796460177,0.3164556962,0.1467889908,0.0751173709,0.1747572816,0.0550458716,0.0847457627,0.1481481481,0.0145985401,0.0485175202,0.0483870968,0.125498008,0.0632183908,0.0402298851,0.0543478261,0.0748031496,0.0895140665,0.1504424779,0.0459770115,0.0833333333,0.0707964602,0.1590214067,0.0068728522,0.0534482759,0.095505618,0.01953125,0.0434782609,0.0689655172,0.1504424779,0.0416666667)
sBioCBioH<-c(0.071953125,0.018572535757063344,0.023496293440634815,0.24509803921568626,0.23148148148148148,0.08158995815899582,0.10074626865671642,0.12203389830508475,0.12958308899500154,0.36354087089381204,0.05373676402885058,0.458903242147923,0.15048598553345388,0.4967250329530846,0.19190500878481523,0.04198473282442748,0.35429447852760737,0.49710982658959535,0.48214285714285715,0.013392857142857142,0.06729862914027747,0.4878048780487805,0.202395528431954,0.4902641238766297,0.5,0.13106796116504854,0.021199273167777106,0.13037202077416724,0.4183973604787969,0.49696382428940566,0.48549742477636215,0.26777882205513787,0.03509734483847906,0.06387076731904318,0.12389162561576354,0.16516059556138213,0.22795807978363758,0.05641025641025641,0.21965317919075145,0.48214285714285715,0.0)
sDoubBioC<-c(0.01,0.05137039385612626,0.044157450465428204,0.00980392156862745,0.07716049382716049,0.01677201103890323,0.061567164179104475,0.061016949152542375,0.16715534333026166,0.11397058823529412,0.07803468208092486,0.08482142857142858,0.11160714285714286,0.07208588957055215,0.05214723926380368,0.08015267175572519,0.41419420528947776,0.40173410404624277,0.06696428571428571,0.004464285714285714,0.029141104294478526,0.2804878048780488,0.08263504939003781,0.03468208092485549,0.008670520231213872,0.03398058252427184,0.024475524475524476,0.09049472016067028,0.07514450867052024,0.023255813953488372,0.07983193277310924,0.06696428571428571,0.06595092024539877,0.0034482758620689655,0.05264416111272095,0.08192090395480225,0.010716700473292765,0.057692307692307696,0.06358381502890173,0.15178571428571427,0.0)
sDoubBioH<-c(0.08309895833333333,0.016564503628549287,0.11632090852870074,0.27040816326530615,0.31877474959235963,0.08793732751713701,0.14515505374680998,0.18811784541662968,0.1633576275446092,0.4152501909854851,0.1782699882346923,0.458903242147923,0.25265596745027125,0.4967250329530846,0.20553587372908208,0.20603275772622842,0.36309738619374127,0.49710982658959535,0.48831569664902996,0.028806047966631908,0.09016420551320424,0.4878048780487805,0.23433643894319986,0.4902641238766297,0.5,0.14407450401013086,0.07586311326468807,0.2024775234180095,0.4314926594710727,0.49696382428940566,0.48359989156953104,0.2676221804511278,0.1563502751591933,0.0639484311898105,0.07602144305998261,0.19297218840715422,0.0440500338066261,0.12798216276477145,0.23410404624277456,0.49192629179331304,0.02857142857142857)
sInteBioC<-c(0.0,0.05078559853448883,0.040025219060469526,0.024509803921568627,0.10185185185185185,0.046060713967773524,0.07649253731343283,0.07457627118644068,0.1729356901510709,0.051470588235294115,0.06936416184971098,0.07142857142857142,0.10714285714285714,0.10122699386503067,0.05178720585270313,0.0916030534351145,0.41467752745269887,0.40173410404624277,0.06696428571428571,0.0,0.024539877300613498,0.2682926829268293,0.08163704539802184,0.03757225433526012,0.008670520231213872,0.043689320388349516,0.038461538461538464,0.07592220670610202,0.03468208092485549,0.029069767441860465,0.06722689075630252,0.0625,0.04141104294478527,0.006896551724137931,0.07968704723268619,0.0903954802259887,0.0504394861392833,0.021794871794871794,0.031791907514450865,0.12946428571428573,0.0)
sInteBioH<-c(0.079765625,0.01773409427182414,0.11356608759206162,0.25,0.31551362683438156,0.12995637852755274,0.17562446833191556,0.20706362587629779,0.18358884141744158,0.39686783804430864,0.18711954575681622,0.458903242147923,0.2405628390596745,0.49693251533742333,0.21176445174112157,0.23690061513377308,0.3646311285250296,0.4988047418438326,0.4852292768959436,0.020692127215849843,0.0842152696244605,0.4878048780487805,0.23653332313009762,0.4884393063583815,0.5,0.17823976361333896,0.10778591487252905,0.1971074639511713,0.42349992326973246,0.49696382428940566,0.48359989156953104,0.26323621553884713,0.11537150647580095,0.0612457284871078,0.0995508548246885,0.19893404501045667,0.06443542934415145,0.0838907469342252,0.22897962530234084,0.4848024316109423,0.02142857142857143)
sInteDoub<-c(0.01390625,0.008032128514056224,0.10645013613473725,0.0545218087234894,0.32660726764500353,0.07339980414849105,0.1511677364472972,0.15574585145088293,0.12578537320934907,0.2128533231474408,0.15939434242160724,0.098879179331307,0.42506781193490056,0.2509112951782721,0.08878423917739567,0.2157414955903061,0.08549002423055112,0.1258841971196238,0.14247134038800707,0.0072992700729927005,0.06004745919666628,0.12809876049580168,0.15848654129440798,0.08289734610353994,0.017740340736233647,0.15650063317855634,0.07301360057265568,0.14418746959973638,0.19621208245946084,0.10439276485788113,0.05082678232583356,0.05325814536340852,0.13356859028712986,0.011245728487107797,0.09776151840046363,0.18487217904298156,0.041176470588235294,0.08528428093645485,0.14023490345590947,0.34014057750759874,0.014285714285714285)
sDoubBioCBioH<-c(0.016432291666666668,0.012210244486718806,0.06495514380486551,0.05612244897959184,0.06734800838574423,0.01691444849995549,0.06234049957466553,0.05514242612476706,0.07328753734885929,0.12504774637127578,0.1060156529745767,0.06329154002026342,0.1181622965641953,0.07208588957055215,0.05108154036694605,0.10646261024234789,0.27115662215806563,0.40173410404624277,0.06591710758377425,0.014598540145985401,0.03322970581912589,0.2804878048780488,0.07325923233405393,0.03468208092485549,0.009469120778825677,0.026013085690164625,0.042866582236660976,0.06648439583889038,0.05969614814056985,0.0315891472868217,0.056925996204933584,0.044407894736842105,0.08408565680748832,0.007952780366573469,0.09971747319617502,0.0758966195336642,0.19553752535496957,0.045930880713489414,0.046242774566473986,0.12851443768996962,0.02857142857142857)
sInteBioCBioH<-c(0.009765625,0.012795039808356234,0.05928487097318266,0.025510204081632654,0.08278010715117633,0.025460696163090893,0.07399853066274843,0.06823143136036916,0.06509173159085196,0.05992169595110772,0.12064555731750984,0.04188829787234043,0.11239828209764918,0.10122699386503067,0.050361473544744954,0.11131697917438672,0.27527452698870963,0.40173410404624277,0.05869708994708995,0.0072992700729927005,0.03188199692424719,0.2682926829268293,0.07904797433886221,0.03757225433526012,0.004534910252509888,0.04717180244829042,0.06255162160673972,0.06418182103462884,0.0423551076781421,0.034366925064599485,0.03361344537815126,0.03555764411027569,0.06900177897484497,0.00697421559490525,0.10404955085482469,0.06064082155008271,0.21291413116970925,0.021906354515050165,0.026667486574017137,0.1293693009118541,0.02142857142857143)
sInteDoubBioC<-c(0.00390625,0.0033467202141900937,0.05548594880691356,0.015306122448979591,0.095125786163522,0.014822398290750466,0.041093109581625556,0.08116958026444228,0.03040965066599648,0.07682391138273491,0.1060156529745767,0.036379179331306986,0.10103978300180833,0.05612601910465249,0.03356951525101529,0.13940561772771068,0.03180904263545909,0.04954443029293622,0.03979276895943562,0.0072992700729927005,0.02630512790832272,0.01834266293482607,0.07665021394909861,0.027984051305852076,0.009069820505019775,0.020578303081468973,0.04154506910412422,0.059831641378877504,0.045923065118420384,0.005555555555555556,0.01301165627541339,0.026472431077694234,0.044611535072405936,0.0026250388319353835,0.06070704143726456,0.037979523675749916,0.044286680189317106,0.021181716833890744,0.033298487270938384,0.10799772036474163,0.014285714285714285)
