sOriginal_<-c(0.0,0.0,0.0029149616009866023,0.0101010101010101,0.004694835680751174,0.017158176943699734,0.021814053440376274,0.0,0.0,0.0,0.0,0.0,0.23460207612456746,0.002653596150256839,0.0,0.0,0.03663968178380347,0.003397840223398231,0.11154985192497531,0.0,0.002696395735241975,0.0,0.0,0.0,0.0,0.0,0.0,0.05619741744979025,0.0,0.01098901098901099,0.0046255251898392625,0.0,0.0,0.007180132499352307,0.0,0.0,0.0,0.018432725480532285,0.0,0.057374968266057376,0.0)
sBioCBioH_<-c(0.07,0.05981822024941873,0.02503433486735899,0.24509803921568626,0.2345679012345679,0.08371761773346391,0.10074626865671642,0.12203389830508475,0.2389349641171707,0.3602941176470588,0.07225433526011561,0.47767857142857145,0.15625,0.495398773006135,0.1948788847605058,0.05343511450381679,0.4647239263803681,0.49710982658959535,0.48214285714285715,0.017042492179353493,0.06595092024539877,0.4878048780487805,0.20339353242396996,0.4884393063583815,0.5,0.12135922330097088,0.022947524916028854,0.14468956427596377,0.41329479768786126,0.4941860465116279,0.4831932773109244,0.29017857142857145,0.0352760736196319,0.0612457284871078,0.12389162561576354,0.19196553984455472,0.22795807978363758,0.05641025641025641,0.22254335260115607,0.48660714285714285,0.0)
sDoubBioC_<-c(0.01,0.054717114070316354,0.060686376085262915,0.014705882352941176,0.2993827160493827,0.025140211875723316,0.08768656716417911,0.0576271186440678,0.18160621038228478,0.12867647058823528,0.05202312138728324,0.09729609929078015,0.39285714285714285,0.19785276073619631,0.0705521472392638,0.058289483435855625,0.4218629169459195,0.4063191927108847,0.05357142857142857,0.0,0.04294478527607362,0.28253698520591763,0.13752526895091607,0.04046242774566474,0.017341040462427744,0.11650485436893204,0.022727272727272728,0.1109433103729622,0.1676300578034682,0.09302325581395349,0.08823529411764706,0.0625,0.07668711656441718,0.005172413793103448,0.07878151260504201,0.17087274089334206,0.0350236646382691,0.06794871794871794,0.11448981265117042,0.34375,0.0)
sDoubBioH_<-c(0.075859375,0.017987740435425916,0.13009501321189632,0.2755102040816326,0.4193745632424878,0.10286655390367667,0.16681811151496406,0.24216878161327535,0.20877663287816592,0.4208842627960275,0.24210957082203693,0.45089285714285715,0.4606125678119349,0.4967250329530846,0.2208732970419655,0.2764025791150967,0.36156364386245293,0.49710982658959535,0.48214285714285715,0.024341762252346195,0.08630711226497777,0.4878048780487805,0.2435209453297877,0.4931542972870343,0.5016447368421053,0.21533347403967917,0.08614613732723969,0.25054524343746565,0.4265691339710471,0.49696382428940566,0.48780157224179993,0.2719298245614035,0.22392222388481553,0.0612457284871078,0.09642857142857142,0.24658207697349938,0.054631507775524,0.12513935340022297,0.23186979871274546,0.48746200607902734,0.02857142857142857)
sInteBioC_<-c	(0.013333333333333334,0.05421686746987952,0.04699258688126963,0.004901960784313725,0.3333333333333333,0.018899670613371316,0.15111940298507462,0.0576271186440678,0.19316690402390327,0.0661764705882353,0.05202312138728324,0.10176038500506586,0.29464285714285715,0.28067484662576686,0.06901840490797546,0.05725190839694656,0.41516084961592,0.407514450867052,0.10714285714285714,0.008928571428571428,0.04141104294478527,0.2744069039051046,0.13053924100680428,0.057803468208092484,0.017341040462427744,0.1553398058252427,0.033216783216783216,0.11119828032573392,0.1531791907514451,0.11046511627906977,0.1092436974789916,0.0625,0.08588957055214724,0.006896551724137931,0.13668501883512024,0.2627118644067797,0.05057471264367816,0.06794871794871794,0.07803468208092486,0.18303571428571427,0.010638297872340425)
sInteBioH_<-c(0.08114583333333333,0.01991122384273938,0.11624059304949844,0.2502000800320128,0.43317610062893086,0.11776017092495326,0.2238225968602583,0.24493743899192477,0.1957080226745972,0.4107142857142857,0.181697273517827,0.45535714285714285,0.4228639240506329,0.5026525198938993,0.21176445174112157,0.19387830727043653,0.3605969995360107,0.49710982658959535,0.48660714285714285,0.025156412930135555,0.08151985183470309,0.4878048780487805,0.24431966737451613,0.4884393063583815,0.5,0.2619248628113128,0.09095038819448267,0.2518240158159823,0.42282213923985884,0.4941860465116279,0.48780157224179993,0.280858395989975,0.22092955592132607,0.0621466293880087,0.1310779484207476,0.3007538159003652,0.06260987153482082,0.1253065774804905,0.2278625015373263,0.49373100303951367,0.032066869300911856)
sInteDoub_<-c(0.031718750000000004,0.008701472556894244,0.11454192066436965,0.0349139655862345,0.3763393897041696,0.059004718240897355,0.20957389219704586,0.1837518857041441,0.14032001340370276,0.24684873949579833,0.1599314542943373,0.12829280648429586,0.4472197106690778,0.34052741208442494,0.11189838417005099,0.1824279255910472,0.07637134608444605,0.09250514352895073,0.1657848324514991,0.01622784150156413,0.0685057794387578,0.12003531920565108,0.15888988795571796,0.07924771106704358,0.04654700334651658,0.22504221190375684,0.07192610539067232,0.17795333657602813,0.20420481866080106,0.14153746770025838,0.10016264570344267,0.07080200501253132,0.2097319899579364,0.010422491456974216,0.12486960301361924,0.28229859225270776,0.04797160243407708,0.11549609810479376,0.14023490345590947,0.3446048632218845,0.032066869300911856)
sDoubBioCBioH_<-c(0.015859375000000002,0.008194180229690692,0.07515922543751857,0.035314125650260104,0.15702888423014208,0.04428914804593608,0.06047482793287449,0.09979590025734315,0.13893775655524837,0.15250190985485101,0.19875696966596756,0.07051038500506586,0.17043399638336348,0.1991790206831459,0.08139635358161237,0.22782183354331875,0.31256766510285094,0.4063191927108847,0.05357142857142857,0.014598540145985401,0.03876109999503911,0.28253698520591763,0.13573651419206317,0.03939707185350829,0.018985777304533005,0.055139299282397636,0.061890865040471345,0.11506990099320603,0.18090439408665404,0.09580103359173127,0.08444022770398481,0.04425125313283208,0.16103878830199347,0.00697421559490525,0.10624456679223412,0.132081655585729,0.2083502366463827,0.044370122630992194,0.1122555651211413,0.3446048632218845,0.02857142857142857)
sInteBioCBioH_<-c(0.017812500000000002,0.0081096315084901,0.06948895260583572,0.010004001600640255,0.16774400186349872,0.052942223804860675,0.08762856700951202,0.11273404916141627,0.12586914635167967,0.08718487394957983,0.13834467236175763,0.07051038500506586,0.1594710669077758,0.27872613952580105,0.07995621993721017,0.13662639887348996,0.3110339227715626,0.407514450867052,0.10267857142857142,0.015413190823774766,0.04471003588378284,0.2744069039051046,0.12954920829267982,0.057803468208092484,0.017341040462427744,0.10173068805403124,0.056205605418203845,0.1155837635134075,0.1569261854826334,0.11046511627906977,0.11385199240986717,0.04425125313283208,0.14884366635077395,0.009599254426840634,0.1294986960301362,0.14526172862627587,0.21592292089249493,0.029152731326644372,0.08335383101709506,0.18123100303951367,0.02142857142857143)
sInteDoubBioC_<-c(0.015052083333333334,0.00786303107165504,0.09809331052373724,0.015306122448979591,0.3176974143955276,0.031843674886495144,0.05658881757018019,0.1566332416363475,0.11141827929965653,0.16228991596638653,0.14259041383190957,0.06842071935157042,0.34007685352622063,0.1963556329433207,0.09195973386330251,0.1529311494849181,0.07387095942671547,0.0913098853727834,0.11221340388007053,0.0072992700729927005,0.04549964446943264,0.11190523790483807,0.14591583605951036,0.04456563014218809,0.04076665652570733,0.07941114394259181,0.05094708441165134,0.1679859727299829,0.1608522175047317,0.07758397932816538,0.0623475196530225,0.05294486215538847,0.18519211265732288,0.005250077663870767,0.09059692842654303,0.16786059868277306,0.03762677484787018,0.04882943143812709,0.08420448489320706,0.16603343465045595,0.02142857142857143)
