hOriginal<-c(0.0,0.2375944791324351,0.0,0.006944444444444444,0.0,0.07351696907022656,0.03727221615901049,0.0,0.0072992700729927005,0.0,0.0048543689320388345,0.009852216748768473,0.24280558897011195,0.0036363636363636364,0.0,0.0,0.1762389560020975,0.006008835290915562,0.09802777453611856,0.0,0.0061349693251533735,0.0,0.0029069767441860465,0.006468401486988847,0.007998015996031992,0.0,0.011428571428571429,0.05298104855443353,0.0,0.021739130434782608,0.0,0.0,0.005797101449275362,0.13653066993310092,0.0,0.0,0.0,0.033384983800535284,0.01962252846015578,0.19714123973959807,0.00860885839051778)
hBioCBioH_<-c(0.002008032128514056,0.005197505197505198,0.03680203045685279,0.007146138532999847,0.040160642570281124,0.008513634617846627,0.015986627155991185,0.14953271028037382,0.005475031739314431,0.002008032128514056,0.13148148148148148,0.1074561403508772,0.002617801047120419,0.1873065015479876,0.1014507301659349,0.12650602409638553,0.03524269611226133,0.0017482517482517483,0.028956458697599045,0.07644628099173553,0.046279791377830594,0.05622489959839357,0.0025306873209124236,0.04008600095556618,0.05252918287937743,0.0,0.0182414060108404,0.002617801047120419,0.07052923602219377,0.051094890510948905,0.015316166627293489,0.017395182872435324,0.10984192784256559,0.00778816199376947,0.004629629629629629,0.03115264797507788,0.4041916167664671,0.006588184469165136,0.0019157088122605363,0.03433528836754643,0.043795620437956206)
hDoubBioC_<-c(0.006024096385542169,0.005197505197505198,0.03426395939086294,0.018095043642488897,0.03815261044176707,0.03810865019417061,0.09813084112149532,0.06431332807866982,0.027057765552264072,0.028112449799196786,0.10185185185185185,0.06359649122807018,0.0968586387434555,0.14705882352941177,0.07289002557544758,0.07630522088353414,0.026455026455026454,0.02097902097902098,0.016013476054415967,0.0371900826446281,0.060061398296692416,0.006024096385542169,0.05472103004291846,0.035797897754419494,0.013618677042801557,0.0036496350364963502,0.035600453784236395,0.03664921465968586,0.0591655996585574,0.0072992700729927005,0.01606425702811245,0.054237288135593226,0.14468689261418852,0.003115264797507788,0.006606660308377046,0.020249221183800622,0.04790419161676647,0.02677124959498866,0.026235258993879684,0.04948680351906158,0.0072992700729927005)
hDoubBioH_<-c(0.037058579144162856,0.49414294931536307,0.22596224927307673,0.09167474860905517,0.3272062609412007,0.08522169589894593,0.10856317908973483,0.2831325301204819,0.08767985611510791,0.25188867357542055,0.25551038843721774,0.15615998952605395,0.2805321081312106,0.30501570585975457,0.31130906138980297,0.2528939286557997,0.16292845640671727,0.060135647485045074,0.07168749200392341,0.1300520774368844,0.2274377764573843,0.08130985480383071,0.19028954316245197,0.06508600095556617,0.10718628404669261,0.02951170400201359,0.1500999405758738,0.42420150142663227,0.16466602646180112,0.07331711273317112,0.161351287502953,0.16543264942016056,0.25526147959183676,0.18331721989472555,0.47882888253059924,0.2713666531220371,0.4121796407185629,0.40316178853007884,0.03464447429964671,0.15733952427500814,0.061036999748301034)
hInteBioC_<-c(0.004016064257028112,0.005197505197505198,0.01649746192893401,0.029197080291970802,0.002008032128514056,0.09813084112149532,0.0514018691588785,0.1261682242990654,0.04316546762589928,0.07630522088353414,0.10185185185185185,0.09649122807017543,0.0549738219895288,0.10835913312693499,0.0639386189258312,0.09531065438223482,0.026455026455026454,0.01048951048951049,0.013220179965030492,0.09090909090909091,0.02797583679936621,0.004016064257028112,0.04974098775009697,0.03653846153846154,0.017509727626459144,0.0072992700729927005,0.024471935605855977,0.06282722513089005,0.10984848484848485,0.0036496350364963502,0.02610441767068273,0.04634255129348796,0.13817647594752186,0.009345794392523364,0.0055336989349864885,0.024922118380062305,0.041916167664670656,0.04465925045901285,0.02431955018161915,0.08585858585858586,0.0072992700729927005)
hInteBioH_<-c(0.041947098739786734,0.49414294931536307,0.3565866640382435,0.16921035169210352,0.3222119246215632,0.1809414074168907,0.18290403464782312,0.2865480614044965,0.08540520524756665,0.3385429831212964,0.26526648599819336,0.173114689709348,0.19442960430245396,0.2847280287451131,0.33691505983607273,0.23338058114812188,0.27729468599033813,0.07374252253770326,0.06507740202140816,0.18398807502169892,0.2298144847164455,0.06592523941921533,0.1415777224439745,0.07396082178690874,0.1384210846303502,0.429713063176441,0.11785785028721661,0.3736599351782598,0.2426109688433632,0.08442822384428224,0.11910386644617688,0.20517395182872436,0.27477754494655005,0.13626597915995273,0.48701518041646796,0.2310036570499797,0.4121796407185629,0.2840209525866724,0.11389759665621735,0.33080808080808083,0.06534734457588724)
hInteDoub_<-c(0.04050685500623182,0.49173417449279516,0.21674634074220098,0.12041243428104742,0.4184944907836474,0.1434942175564375,0.11790897348225819,0.2202267011973126,0.07953343207786712,0.22776420366781813,0.2340108401084011,0.12765121759622938,0.2297788225237739,0.24122053738898555,0.2571598159964386,0.21244979919678714,0.15725787899700944,0.06712865447805207,0.050364621092583904,0.14896788558058793,0.19020268039875884,0.019570590052517763,0.15352106507839186,0.05162446249402772,0.08976775291828794,0.019569594764661465,0.07852087947706768,0.35246821241585635,0.19262163892445583,0.029521492295214925,0.1040239388928262,0.15740410347903658,0.26974003887269193,0.12453002470727254,0.4765140677157844,0.22162400108357036,0.054898203592814374,0.2836564423803867,0.05321689804448425,0.1725724991854024,0.02586206896551724)
hDoubBioCBioH_<-c(0.03304251488713474,0.49414294931536307,0.1752008279532798,0.08041958041958042,0.2810215219853774,0.05562668032262194,0.020188435529215107,0.16364523514619225,0.0625,0.22578425590473783,0.08514001806684733,0.0596687614558785,0.18629127043487553,0.09139341483808276,0.19408971482939516,0.12638790455941412,0.1161605705083966,0.04090487825427585,0.04198473282442748,0.02468017661043813,0.1663530732158183,0.027092987333951192,0.13809920044044594,0.0232202580028667,0.05271157587548638,0.02586206896551724,0.12339509840995444,0.3875522867669464,0.09648420827998293,0.029521492295214925,0.14453894007402157,0.11806422836752899,0.16052068148688048,0.1724137931034483,0.47685185185185186,0.22931057835568197,0.04391616766467066,0.3829787234042553,0.012987012987012988,0.12198598892147279,0.024540649383337526)
hInteBioCBioH_<-c(0.039939066611272674,0.49414294931536307,0.30836331378443643,0.13986013986013987,0.28405931417979613,0.091324200913242,0.13814299825241244,0.11365086514281425,0.04411764705882353,0.2642457943662763,0.09489611562782294,0.0656585493584708,0.14207358336004558,0.0912295767327292,0.23120466468231454,0.1138317977793527,0.22788129744651486,0.06500126379644451,0.03816793893129771,0.029029397335748518,0.18744635901498646,0.00970033982082175,0.09436742201478997,0.027508361204013378,0.08005532587548639,0.4224137931034483,0.08670520231213873,0.31083271004736973,0.11617050789586,0.036982968369829686,0.08823529411764706,0.15517395182872437,0.19175549684159376,0.12224728757116769,0.4861111111111111,0.18738994988487065,0.03792814371257485,0.2459498865968247,0.09415584415584416,0.25908276311502115,0.028850994210923735)
