hOriginal_<-c(0.0137931034,0.1172413793,0.1941747573,0.027972028,0.156,0.0502283105,0.087804878,0.1124497992,0.0220588235,0.1398601399,0.1623616236,0.1004366812,0.1836734694,0.1388888889,0.1352040816,0.1529411765,0.1,0.0522648084,0.0381679389,0.00456621,0.1728395062,0.0230769231,0.1166180758,0.0574712644,0.0546875,0.0072463768,0.0693641618,0.1481481481,0.1471698113,0.0444444444,0.0718954248,0.0847457627,0.1818181818,0.1379310345,0.2055674518,0.1118012422,0.032537961,0.0987341772,0.0419847328,0.135678392,0.0289855072)
hBioCBioH_<-c(0.002008032128514056,0.004487776901570005,0.03680203045685279,0.010642642029503343,0.040160642570281124,0.001557632398753894,0.015986627155991185,0.14953271028037382,0.0017985611510791368,0.002008032128514056,0.13148148148148148,0.1074561403508772,0.0,0.1873065015479876,0.09974424552429667,0.12248995983935743,0.03306878306878307,0.0,0.025139664804469275,0.0743801652892562,0.040106951871657755,0.05622489959839357,0.001072961373390558,0.03076923076923077,0.05252918287937743,0.008620689655172414,0.015351232600435777,0.002617801047120419,0.06818181818181818,0.051094890510948905,0.010040160642570281,0.013157894736842105,0.07707725947521865,0.00778816199376947,0.001072961373390558,0.03477583638087498,0.4041916167664671,0.0,0.0019157088122605363,0.026759530791788857,0.043795620437956206)
hDoubBioC_<-c(0.004016064257028112,0.06756756756756757,0.07106598984771574,0.025547445255474453,0.03614457831325301,0.024922118380062305,0.05472228554061241,0.06542056074766354,0.008992805755395683,0.050200803212851405,0.09444444444444444,0.039473684210526314,0.08115183246073299,0.04953560371517028,0.029411764705882353,0.101334750767777,0.04497354497354497,0.019230769230769232,0.019553072625698324,0.045454545454545456,0.07034396250082525,0.002008032128514056,0.054032833243659206,0.025,0.007782101167315175,0.0072992700729927005,0.029595015576323987,0.03795811518324607,0.056818181818181816,0.0036496350364963502,0.03413654618473896,0.015789473684210527,0.1316660592808552,0.018691588785046728,0.05150214592274678,0.029595015576323987,0.017964071856287425,0.039461604924937894,0.0019157088122605363,0.06463831867057673,0.0072992700729927005)
hDoubBioH_<-c(0.02125744356737294,0.22788730374937272,0.20440096594549306,0.04667959777448828,0.15575120996807745,0.047646481457773227,0.11549274371248386,0.22330443268400704,0.04387960220059247,0.1481029011149493,0.26711833785004513,0.16581565854935848,0.1737721266517078,0.22512485593545908,0.13940364690170476,0.2387550200803213,0.10961582700713135,0.038566854831915076,0.08667747025459507,0.13831654024680176,0.20510662177328842,0.0754556688291628,0.10612620278031507,0.0686335403726708,0.07204523346303501,0.0676440976591996,0.10385716600939982,0.10011357655336713,0.17322876653862568,0.0880778588807786,0.11406409953539648,0.0644513826940232,0.1790345602526725,0.07664625631109678,0.18344659036719124,0.1409657320872274,0.40718562874251496,0.09138405875364511,0.013571677364780812,0.10797491039426524,0.056726654920714825)
hInteBioC_<-c(0.004016064257028112,0.04885654885654886,0.07614213197969544,0.032846715328467155,0.07630522088353414,0.02336448598130841,0.03271028037383177,0.06230529595015576,0.02158273381294964,0.08032128514056225,0.08518518518518518,0.08991228070175439,0.06282722513089005,0.04489164086687306,0.034526854219948847,0.10936687928183322,0.04497354497354497,0.022727272727272728,0.0111731843575419,0.049586776859504134,0.05789925397768535,0.009870250231696015,0.0669083697243459,0.019230769230769232,0.013618677042801557,0.06204379562043796,0.04027335098049808,0.04319371727748691,0.11553030303030302,0.0036496350364963502,0.03413654618473896,0.039473684210526314,0.08984375,0.01557632398753894,0.07081545064377683,0.024922118380062305,0.020958083832335328,0.03323793066205854,0.009578544061302681,0.10756761159986966,0.0072992700729927005)
hInteBioH_<-c(0.014360891843235008,0.1860778550433723,0.2496919816667488,0.06796488183349497,0.22834929461435485,0.03996500661460334,0.12186763923714003,0.22170926697443982,0.06382247143461701,0.2306709354902126,0.23884372177055102,0.1775006546216287,0.16565160095451795,0.23341845382025264,0.15176802283459756,0.23459721237892747,0.11746031746031746,0.05109950290673182,0.0592136125207898,0.13625042454432243,0.14811513831121675,0.07361754711152302,0.14669853226391721,0.08031533683707598,0.09742825875486381,0.20859551975836899,0.13921452109556479,0.09476716806559737,0.2572289799402475,0.0880778588807786,0.11733207339160563,0.10771632471008027,0.11602587463556852,0.0633526694596627,0.23053767286599902,0.11973452526073411,0.40918562874251496,0.07186251215034022,0.034221525600835946,0.23305637015314434,0.043795620437956206)
hInteDoub_<-c(0.0129206481096801,0.18366908022080436,0.174227490020206,0.06842427645347353,0.23087220677582124,0.05502923227926428,0.11790897348225819,0.13669631798220921,0.056072788827761316,0.20031173645631478,0.19448961156278227,0.12676747839748626,0.20782134843466182,0.2080461458498113,0.12534151514887004,0.21796598157335223,0.10129974695192087,0.053521779425393885,0.036867243805705996,0.09536208913543907,0.14286657423912325,0.02157862218103182,0.14712083484528085,0.04349020544672719,0.048759727626459144,0.06569343065693431,0.09587992725046368,0.1116720684783512,0.18899381135296628,0.03317112733171128,0.07032049767698244,0.10071364852809991,0.1572256134596696,0.07747878397249973,0.22698100460975995,0.10571583367194906,0.059880239520958084,0.08557889620909385,0.03847589192416778,0.17159498207885304,0.004310344827586207)
hDoubBioCBioH_<-c(0.0054563079905830215,0.16551724137931034,0.1280370607658568,0.02097902097902098,0.07738646895273402,0.030619212222079972,0.06394650862396474,0.0784446195998949,0.03676470588235294,0.0979020979020979,0.09245709123757903,0.038328096360303744,0.07666417352281227,0.039089512101421434,0.0315634192540349,0.08628632175761872,0.05197837589141937,0.02108433734939759,0.04198473282442748,0.028595418695045095,0.12190532778768072,0.02123880135928329,0.050472978891127264,0.03327759197324415,0.02146157587548638,0.0603448275862069,0.07981740586678192,0.0593991523310895,0.08322663252240717,0.03333333333333333,0.06209150326797386,0.03916146297948261,0.09762588070942663,0.05483940272854227,0.09282109362581466,0.08126777732629012,0.017964071856287425,0.06358678042985204,0.00974025974025974,0.0680596285434995,0.01658066951925497)
hInteBioCBioH_<-c(0.002008032128514056,0.14241881138432863,0.1482800256271253,0.03496503496503497,0.10956647101225414,0.024495369777663978,0.06700098776688701,0.05192733551026536,0.04411764705882353,0.15034965034965034,0.08699186991869919,0.034956794972505895,0.09367097624390071,0.03190323382522429,0.03454867627418975,0.08642806520198441,0.05368069933287325,0.030120481927710843,0.015267175572519083,0.028812408015396807,0.07993332012939855,0.023246833487797346,0.07924273326743327,0.034460105112279024,0.027328550583657588,0.14655172413793102,0.10138116075126502,0.047480539627136484,0.12601365770379855,0.03333333333333333,0.06209150326797386,0.05508474576271186,0.06586719509232264,0.04621871307336986,0.11365442695914799,0.05952864689150752,0.020958083832335328,0.04648180149044173,0.022727272727272728,0.14165852069077875,0.0036496350364963502)
