hOriginal_<-c(0.0,0.5,0.004830917874396135,0.0,0.0,0.48711943793911006,0.01857299417430928,0.011904761904761906,0.014492753623188406,0.006972139331232395,0.019138755980861243,0.01483352765902319,0.4789287120913745,0.007246376811594203,0.006779661016949152,0.011674060238150829,0.5,0.005988023952095809,0.43068509204551003,0.0,0.024096385542168672,0.0,0.011527377521613832,0.0,0.0,0.0,0.017045454545454544,0.04637926858803584,0.009302325581395349,0.0,0.0,0.0,0.011527377521613832,0.5,0.009174311926605503,0.02127659574468085,0.007936507936507936,0.22971186888712664,0.0,0.5,0.0)
hBioCBioH_<-c(0.05028389419747957,0.2941429493153631,0.0012690355329949238,0.4124087591240876,0.008547008547008548,0.07165109034267912,0.45121951219512196,0.007131329054535901,0.0035971223021582736,0.002008032128514056,0.001851851851851852,0.10994370253993192,0.003401360544217687,0.0,0.005970514040309699,0.002008032128514056,0.0013227513227513227,0.0017482517482517483,0.003816793893129771,0.08057851239669421,0.00267379679144385,0.009870250231696015,0.001072961373390558,0.008134257047300525,0.0038910505836575876,0.5,0.004447805809158518,0.01189091110557079,0.001893939393939394,0.3888888888888889,0.004016064257028112,0.0,0.40796586491739556,0.008620689655172414,0.0,0.007246376811594203,0.5,0.006588184469165136,0.0019157088122605363,0.454138155751059,0.010948905109489052)
hDoubBioC_<-c(0.03160227115357984,0.2941429493153631,0.0012690355329949238,0.48175182481751827,0.008547008547008548,0.07320872274143302,0.4532482334169136,0.005123296926021844,0.0035971223021582736,0.002008032128514056,0.001851851851851852,0.011259492013616128,0.003401360544217687,0.0,0.0046917416617930745,0.002008032128514056,0.0,0.0017482517482517483,0.003816793893129771,0.014462809917355372,0.00267379679144385,0.009870250231696015,0.002145922746781116,0.027365026278069755,0.0038910505836575876,0.5,0.006005438207912412,0.01189091110557079,0.001893939393939394,0.3888888888888889,0.004016064257028112,0.0,0.48672482385811466,0.008620689655172414,0.0,0.007246376811594203,0.220562874251497,0.006588184469165136,0.022988505747126436,0.454138155751059,0.014598540145985401)
hDoubBioH_<-c(0.3916632045423072,0.5,0.5,0.5,0.5,0.4307813766909913,0.5020287212217917,0.4979919678714859,0.5,0.5,0.5,0.22685912542550407,0.5,0.5,0.5012787723785166,0.5,0.4991488382792731,0.5,0.5,0.1820163025019812,0.5,0.36538461538461536,0.5010729613733905,0.39811275680840896,0.5,0.5,0.5015576323987538,0.5,0.5,0.5,0.49673202614379086,0.4703389830508475,0.4006772351797862,0.5,0.5,0.5,0.502,0.5,0.10873513459720356,0.5,0.0338220488295998)
hInteBioC_<-c(0.0074643401190970775,0.2941429493153631,0.0012690355329949238,0.5,0.008547008547008548,0.07320872274143302,0.44634146341463415,0.007131329054535901,0.0035971223021582736,0.002008032128514056,0.001851851851851852,0.04196124639958104,0.003401360544217687,0.0,0.0046917416617930745,0.002008032128514056,0.0,0.0017482517482517483,0.003816793893129771,0.002066115702479339,0.00267379679144385,0.01187828236021007,0.001072961373390558,0.008134257047300525,0.0038910505836575876,0.5,0.004447805809158518,0.01189091110557079,0.001893939393939394,0.3888888888888889,0.004016064257028112,0.0,0.46466153425655976,0.008620689655172414,0.0,0.007246376811594203,0.19161676646706588,0.006588184469165136,0.0019157088122605363,0.454138155751059,0.010948905109489052)
hInteBioH_<-c(0.13993906661127267,0.5,0.5,0.5,0.5,0.4992745273759228,0.4951219512195122,0.5,0.5,0.4965034965034965,0.5,0.21235925634982977,0.5,0.5,0.5012787723785166,0.5,0.4991488382792731,0.5,0.37786259541984735,0.29290727951998186,0.5,0.3270929873339512,0.4970845481049563,0.5,0.5,0.5,0.5,0.5,0.5,0.5,0.5,0.4915254237288136,0.4067776664237123,0.5,0.5,0.5,0.502,0.5,0.4935064935064935,0.5,0.034482758620689655)
hInteDoub_<-c(0.14194709873978673,0.5,0.5,0.5,0.5,0.4284982716681603,0.49715067244130384,0.4979919678714859,0.5,0.4965034965034965,0.5,0.23291437549096622,0.5,0.5,0.5,0.5,0.5,0.5,0.37786259541984735,0.12633495603607683,0.5,0.2886314488724127,0.49815750947834686,0.39811275680840896,0.5,0.5,0.5015576323987538,0.5,0.5,0.5,0.49673202614379086,0.461864406779661,0.45591517857142855,0.5,0.5,0.5,0.2265508982035928,0.5,0.10548838135045031,0.5,0.0338220488295998)
hDoubBioCBioH_<-c(0.4103448275862069,0.5,0.5,0.39416058394160586,0.5,0.4292237442922374,0.5,0.5,0.5,0.5,0.5,0.12817491489918825,0.5,0.5,0.5,0.5,0.49782608695652175,0.5,0.5,0.09110721159289029,0.5,0.36538461538461536,0.5,0.37888198757763975,0.5,0.5,0.5,0.5,0.5,0.5,0.49673202614379086,0.4703389830508475,0.49401345359572396,0.5,0.5,0.5,0.222562874251497,0.5,0.08766233766233766,0.5,0.03017241379310345)
hInteBioCBioH_<-c(0.18275862068965518,0.5,0.5,0.4124087591240876,0.5,0.4977168949771689,0.5,0.5,0.5,0.4965034965034965,0.5,0.11367504582351401,0.5,0.5,0.5,0.5,0.49782608695652175,0.5,0.37786259541984735,0.214394882825767,0.5,0.3250849552054372,0.4970845481049563,0.5,0.5,0.5,0.5,0.5,0.5,0.5,0.5,0.4915254237288136,0.46584973275024294,0.5,0.5,0.5,0.19361676646706588,0.5,0.4935064935064935,0.5,0.034482758620689655)
hInteDoubBioC_<-c(0.16206896551724137,0.5,0.5,0.48175182481751827,0.5,0.4284982716681603,0.5,0.5,0.5,0.4965034965034965,0.5,0.1934406912804399,0.5,0.5,0.5,0.5,0.5,0.5,0.37786259541984735,0.11393826182120079,0.5,0.2866234167438987,0.4970845481049563,0.37888198757763975,0.5,0.5,0.5,0.5,0.5,0.5,0.49673202614379086,0.461864406779661,0.4954711795432459,0.5,0.5,0.5,0.18962874251497006,0.5,0.08441558441558442,0.5,0.03017241379310345)
hInteDoubBioH_<-c(0.3896551724137931,0.5,0.5,0.5,0.5,0.5015576323987538,0.5,0.5,0.5,0.5,0.5,0.2474142445666405,0.5,0.5,0.5,0.5,0.5,0.5,0.5,0.2372259330540775,0.5,0.40384615384615385,0.5,0.5,0.5,0.5,0.5,0.5,0.5,0.5,0.5,0.5,0.4585611030126336,0.5,0.5,0.5,0.2265508982035928,0.5,0.4967532467532468,0.5,0.034482758620689655)
hInteDoubBioCBioH_<-c(0.16206896551724137,0.5,0.5,0.5,0.5,0.4284982716681603,0.5,0.5,0.5,0.4965034965034965,0.5,0.1180610107357947,0.5,0.5,0.5,0.5,0.49782608695652175,0.5,0.37786259541984735,0.09110721159289029,0.5,0.2866234167438987,0.4970845481049563,0.37888198757763975,0.5,0.5,0.5,0.5,0.5,0.5,0.49673202614379086,0.461864406779661,0.4585611030126336,0.5,0.5,0.5,0.2265508982035928,0.5,0.08441558441558442,0.5,0.03017241379310345)

hBioCBioH<-(hBioCBioH_-hOriginal_)/hOriginal_*100
hBioCBioH[is.infinite(hBioCBioH)]<-hBioCBioH_[is.infinite(hBioCBioH)]
hBioCBioH[is.nan(hBioCBioH)]<-0

hDoubBioC<-(hDoubBioC_-hOriginal_)/hOriginal_*100
hDoubBioC[is.infinite(hDoubBioC)]<-hDoubBioC_[is.infinite(hDoubBioC)]
hDoubBioC[is.nan(hDoubBioC)]<-0

hDoubBioH<-(hDoubBioH_-hOriginal_)/hOriginal_*100
hDoubBioH[is.infinite(hDoubBioH)]<-hDoubBioH_[is.infinite(hDoubBioH)]
hDoubBioH[is.nan(hDoubBioH)]<-0

hInteBioC<-(hInteBioC_-hOriginal_)/hOriginal_*100
hInteBioC[is.infinite(hInteBioC)]<-hInteBioC_[is.infinite(hInteBioC)]
hInteBioC[is.nan(hInteBioC)]<-0


hInteBioH<-(hInteBioH_-hOriginal_)/hOriginal_*100
hInteBioH[is.infinite(hInteBioH)]<-hInteBioH_[is.infinite(hInteBioH)]
hInteBioH[is.nan(hInteBioH)]<-0


hInteDoub<-(hInteDoub_-hOriginal_)/hOriginal_*100
hInteDoub[is.infinite(hInteDoub)]<-hInteDoub_[is.infinite(hInteDoub)]
hInteDoub[is.nan(hInteDoub)]<-0

hDoubBioCBioH<-(hDoubBioCBioH_-hOriginal_)/hOriginal_*100
hDoubBioCBioH[is.infinite(hDoubBioCBioH)]<-hDoubBioCBioH_[is.infinite(hDoubBioCBioH)]
hDoubBioCBioH[is.nan(hDoubBioCBioH)]<-0

hInteBioCBioH<-(hInteBioCBioH_-hOriginal_)/hOriginal_*100
hInteBioCBioH[is.infinite(hInteBioCBioH)]<-hInteBioCBioH_[is.infinite(hInteBioCBioH)]
hInteBioCBioH[is.nan(hInteBioCBioH)]<-0

hInteDoubBioH<-(hInteDoubBioH_-hOriginal_)/hOriginal_*100
hInteDoubBioH[is.infinite(hInteDoubBioH)]<-hInteDoubBioH_[is.infinite(hInteDoubBioH)]
hInteDoubBioH[is.nan(hInteDoubBioH)]<-0

hInteDoubBioC<-(hInteDoubBioC_-hOriginal_)/hOriginal_*100
hInteDoubBioC[is.infinite(hInteDoubBioC)]<-hInteDoubBioC_[is.infinite(hInteDoubBioC)]
hInteDoubBioC[is.nan(hInteDoubBioC)]<-0

