sOriginal_<-c(0.0,0.010217288115914314,0.008670520231213874,0.0,0.0,0.029371271225332722,0.003966440083162536,0.005208333333333334,0.00962415996017589,0.0,0.008822187294022208,0.013986013986013986,0.0,0.010498687664041995,0.00234192037470726,0.0,0.012795930346311877,0.0,0.0,0.0,0.008021390374331552,0.0,0.0047694753577106515,0.0,0.0,0.0,0.00392156862745098,0.009467421358155157,0.0,0.0,0.0091324200913242,0.017241379310344827,0.00806451612903226,0.013435833506475519,0.0017211703958691911,0.0,0.005714285714285714,0.0,0.0,0.0,0.0)
sBioCBioH_<-c(0.5,0.4736419361657155,0.058895340899051477,0.01020408163265306,0.5,0.03347280334728033,0.5,0.0,0.48554913294797686,0.5,0.16606987569696657,0.5,0.5,0.5,0.5,0.030534351145038167,0.5,0.5,0.5,0.5,0.05214723926380368,0.5,0.25748502994011974,0.5,0.5,0.5,0.017482517482517484,0.5,0.5,0.5,0.4957983193277311,0.36160714285714285,0.5,0.06724137931034482,0.13630107215299914,0.5,0.5,0.5,0.5,0.5,0.5)
sDoubBioC_<-c(0.5,0.4743112802085535,0.078098771976323,0.01020408163265306,0.5,0.0377281224962165,0.4925373134328358,0.001694915254237288,0.45664739884393063,0.5,0.16606987569696657,0.5,0.5,0.49846625766871167,0.4754601226993865,0.030534351145038167,0.4677914110429448,0.5,0.4955357142857143,0.4107142857142857,0.03067484662576687,0.5,0.2744510978043912,0.4913294797687861,0.5,0.5,0.017482517482517484,0.48773006134969327,0.5,0.5,0.5,0.45535714285714285,0.3343558282208589,0.36379310344827587,0.18291799478412055,0.5,0.48668018931710616,0.3576923076923077,0.5,0.4955357142857143,0.4787234042553192)
sDoubBioH_<-c(0.5,0.054745296977383215,0.17616798785629956,0.45408163265306123,0.5,0.22882578118045047,0.5,0.5016949152542373,0.41238725531261344,0.5,0.5,0.5,0.5,0.5,0.5,0.5,0.5,0.5,0.5,0.5,0.08119325980189505,0.5,0.323753451563327,0.5,0.5,0.5,0.37729199933924346,0.5,0.5,0.5,0.5,0.4284147869674185,0.5,0.3689655172413793,0.19797884671109825,0.5,0.48668018931710616,0.5,0.5,0.5,0.5)
sInteBioC_<-c	(0.49333333333333335,0.4743112802085535,0.09446706663775309,0.01020408163265306,0.5,0.19668832903053504,0.5,0.0,0.4590628577811287,0.5,0.16606987569696657,0.5,0.5,0.5,0.49233128834355827,0.030534351145038167,0.47392638036809814,0.5,0.5,0.008928571428571428,0.013803680981595092,0.5,0.27345309381237526,0.4508670520231214,0.49710982658959535,0.5,0.019230769230769232,0.47699386503067487,0.5,0.5,0.5,0.46875,0.22392638036809817,0.022413793103448276,0.19231382208055636,0.5,0.5,0.5,0.4797687861271676,0.48214285714285715,0.44680851063829785)
sInteBioH_<-c(0.5,0.054745296977383215,0.17626035065738221,0.3877551020408163,0.5,0.25817680049853114,0.5,0.5,0.4094970819022088,0.5,0.5,0.5,0.5,0.5,0.5,0.5,0.5,0.5,0.5,0.5,0.09564599077274155,0.5,0.3139726935904549,0.5,0.5,0.5,0.43612686526072353,0.5,0.5,0.5,0.5,0.46420739348370926,0.5,0.07848710779745263,0.1594610257896262,0.5,0.5,0.5,0.5,0.5,0.5)
sInteDoub_<-c(0.5,0.166758261114634,0.16978692303367626,0.3877551020408163,0.5,0.2561203596545892,0.5,0.5016949152542373,0.2491413252911117,0.5,0.5,0.5,0.5,0.5013262599469496,0.4938650306748466,0.5,0.2541179048306439,0.5,0.5,0.4188282064650678,0.0647396358705538,0.5,0.28702658580602375,0.4913294797687861,0.5,0.5,0.3429464236550851,0.4831288343558282,0.5,0.5,0.5,0.46875,0.35386220426621445,0.36469400434917676,0.19459576934221964,0.5,0.48668018931710616,0.5,0.5,0.4955357142857143,0.48936170212765956)
sDoubBioCBioH_<-c(0.5,0.05507644613541887,0.15696455677902804,0.45408163265306123,0.5,0.18705599572687617,0.4925373134328358,0.5,0.38348552120856716,0.5,0.5,0.5,0.5,0.49846625766871167,0.4754601226993865,0.5,0.4677914110429448,0.5,0.4955357142857143,0.4107142857142857,0.0474509285135515,0.5,0.21297500844955458,0.4913294797687861,0.5,0.5,0.37729199933924346,0.48773006134969327,0.5,0.5,0.4957983193277311,0.32573621553884713,0.3343558282208589,0.06206896551724138,0.12124022022602143,0.5,0.5,0.3576923076923077,0.5,0.4955357142857143,0.4787234042553192)
sInteBioCBioH_<-c(0.49333333333333335,0.05507644613541887,0.14068862491868056,0.3877551020408163,0.5,0.07411199145375233,0.5,0.5,0.38301080673536064,0.5,0.5,0.5,0.5,0.5,0.49233128834355827,0.5,0.47392638036809814,0.5,0.5,0.008928571428571428,0.05116746316537959,0.5,0.22016031834095387,0.4508670520231214,0.49710982658959535,0.5,0.4343786135124718,0.47699386503067487,0.5,0.5,0.4957983193277311,0.33920739348370926,0.22392638036809817,0.01296986641814228,0.1691538684439293,0.5,0.5,0.5,0.4797687861271676,0.48214285714285715,0.44680851063829785)
sInteDoubBioC_<-c(0.49333333333333335,0.166758261114634,0.13413488181577235,0.3877551020408163,0.5,0.08042375144663046,0.4925373134328358,0.5,0.25155678422830974,0.5,0.5,0.5,0.5,0.4997925176156613,0.47392638036809814,0.5,0.24798293550549053,0.5,0.4955357142857143,0.008113920750782065,0.04173350090122865,0.5,0.26207648600562455,0.4508670520231214,0.49710982658959535,0.5,0.3411981719068333,0.4723926380368098,0.5,0.5,0.5,0.41964285714285715,0.22809533310057026,0.023314694004349178,0.18063604752245727,0.5,0.5,0.3576923076923077,0.4797687861271676,0.48214285714285715,0.43617021276595747)
sInteDoubBioH_<-c(0.5,0.166758261114634,0.18264141548000545,0.45408163265306123,0.5,0.21421703908127837,0.5,0.5,0.24625115188070706,0.5,0.5,0.5,0.5,0.5013262599469496,0.4938650306748466,0.5,0.2541179048306439,0.5,0.5,0.4188282064650678,0.07305739751624692,0.5,0.27285524797051264,0.4913294797687861,0.5,0.5,0.4704724409448819,0.4831288343558282,0.5,0.5,0.5,0.4238721804511278,0.35386220426621445,0.07421559490525008,0.134403071573457,0.5,0.5,0.5,0.5,0.4955357142857143,0.48936170212765956)
sInteDoubBioCBioH_<-c(0.5,0.05524554357782005,0.13413488181577235,0.3877551020408163,0.5,0.09294044333659753,0.5,0.5,0.38348552120856716,0.5,0.5,0.5,0.5,0.5,0.4938650306748466,0.5,0.47392638036809814,0.5,0.5,0.41517857142857145,0.0474509285135515,0.5,0.2730545299178002,0.4913294797687861,0.5,0.5,0.3411981719068333,0.48773006134969327,0.5,0.5,0.5,0.4330357142857143,0.34202453987730064,0.07241379310344828,0.134403071573457,0.5,0.5,0.5,0.5,0.4955357142857143,0.48936170212765956)

sBioCBioH<-(sBioCBioH_-sOriginal_)/sOriginal_*100
sBioCBioH[is.infinite(sBioCBioH)]<-sBioCBioH_[is.infinite(sBioCBioH)]
sBioCBioH[is.nan(sBioCBioH)]<-0

sDoubBioC<-(sDoubBioC_-sOriginal_)/sOriginal_*100
sDoubBioC[is.infinite(sDoubBioC)]<-sDoubBioC_[is.infinite(sDoubBioC)]
sDoubBioC[is.nan(sDoubBioC)]<-0

sDoubBioH<-(sDoubBioH_-sOriginal_)/sOriginal_*100
sDoubBioH[is.infinite(sDoubBioH)]<-sDoubBioH_[is.infinite(sDoubBioH)]
sDoubBioH[is.nan(sDoubBioH)]<-0

sInteBioC<-(sInteBioC_-sOriginal_)/sOriginal_*100
sInteBioC[is.infinite(sInteBioC)]<-sInteBioC_[is.infinite(sInteBioC)]
sInteBioC[is.nan(sInteBioC)]<-0


sInteBioH<-(sInteBioH_-sOriginal_)/sOriginal_*100
sInteBioH[is.infinite(sInteBioH)]<-sInteBioH_[is.infinite(sInteBioH)]
sInteBioH[is.nan(sInteBioH)]<-0


sInteDoub<-(sInteDoub_-sOriginal_)/sOriginal_*100
sInteDoub[is.infinite(sInteDoub)]<-sInteDoub_[is.infinite(sInteDoub)]
sInteDoub[is.nan(sInteDoub)]<-0

sDoubBioCBioH<-(sDoubBioCBioH_-sOriginal_)/sOriginal_*100
sDoubBioCBioH[is.infinite(sDoubBioCBioH)]<-sDoubBioCBioH_[is.infinite(sDoubBioCBioH)]
sDoubBioCBioH[is.nan(sDoubBioCBioH)]<-0

sInteBioCBioH<-(sInteBioCBioH_-sOriginal_)/sOriginal_*100
sInteBioCBioH[is.infinite(sInteBioCBioH)]<-sInteBioCBioH_[is.infinite(sInteBioCBioH)]
sInteBioCBioH[is.nan(sInteBioCBioH)]<-0

sInteDoubBioH<-(sInteDoubBioH_-sOriginal_)/sOriginal_*100
sInteDoubBioH[is.infinite(sInteDoubBioH)]<-sInteDoubBioH_[is.infinite(sInteDoubBioH)]
sInteDoubBioH[is.nan(sInteDoubBioH)]<-0

sInteDoubBioC<-(sInteDoubBioC_-sOriginal_)/sOriginal_*100
sInteDoubBioC[is.infinite(sInteDoubBioC)]<-sInteDoubBioC_[is.infinite(sInteDoubBioC)]
sInteDoubBioC[is.nan(sInteDoubBioC)]<-0

sInteDoubBioCBioH<-(sInteDoubBioCBioH_-sOriginal_)/sOriginal_*100
sInteDoubBioCBioH[is.infinite(sInteDoubBioCBioH)]<-sInteDoubBioCBioH_[is.infinite(sInteDoubBioCBioH)]
sInteDoubBioCBioH[is.nan(sInteDoubBioCBioH)]<-0

sOriginal<-(sOriginal_-sOriginal_)*100


