horizontalGamma1<-c(0.0,0.14172664629703022,0.019047619047619046,0.0,0.04098360655737705,0.06543385490753911,0.06313630261986998,0.023529411764705882,0.04895104895104895,0.013847730356994489,0.02380952380952381,0.019596097894916994,0.17305361305361305,0.010830324909747294,0.010135135135135134,0.022988505747126436,0.1649684427121461,0.029239766081871343,0.09310097875387921,0.0,0.024096385542168672,0.0,0.019999999999999997,0.0,0.0,0.0,0.028089887640449437,0.09055003129128711,0.01388888888888889,0.0,0.006545530711630099,0.04065040650406504,0.011527377521613832,0.15024262784621129,0.02262443438914027,0.028169014084507043,0.011857707509881424,0.07621461005132427,0.01962252846015578,0.13643416447154766,0.0)
scrollingGamma1<-c(0.007751937984496124,0.006968641114982578,0.017191977077363897,0.010504844467108617,0.0,0.05347501928185791,0.02428455357948903,0.005208333333333334,0.023584905660377357,0.0,0.008771929824561403,0.027586206896551724,0.16514896008993815,0.015665796344647518,0.002349087304152928,0.046296296296296294,0.03178151423850714,0.0,0.088163174320107,0.0,0.013297872340425532,0.0,0.00792393026941363,0.0,0.0,0.0,0.003948979732239911,0.060262149565003725,0.021645021645021644,0.0,0.013636363636363637,0.03389830508474576,0.013409443200551142,0.012497929282703529,0.00684931506849315,0.0,0.0,0.0199725866457803,0.0,0.06604324956165986,0.0)

horizontalGamma0_01<-c(0.0,0.5,0.004830917874396135,0.0,0.0,0.48711943793911006,0.01857299417430928,0.011904761904761906,0.014492753623188406,0.006972139331232395,0.019138755980861243,0.01483352765902319,0.4789287120913745,0.007246376811594203,0.006779661016949152,0.011674060238150829,0.5,0.005988023952095809,0.43068509204551003,0.0,0.024096385542168672,0.0,0.011527377521613832,0.0,0.0,0.0,0.017045454545454544,0.04637926858803584,0.009302325581395349,0.0,0.0,0.0,0.011527377521613832,0.5,0.009174311926605503,0.02127659574468085,0.007936507936507936,0.22971186888712664,0.0,0.5,0.0)
scrollingGamma0_01<-c(0.0,0.010217288115914314,0.008670520231213874,0.0,0.0,0.029371271225332722,0.003966440083162536,0.005208333333333334,0.00962415996017589,0.0,0.008822187294022208,0.013986013986013986,0.0,0.010498687664041995,0.00234192037470726,0.0,0.012795930346311877,0.0,0.0,0.0,0.008021390374331552,0.0,0.0047694753577106515,0.0,0.0,0.0,0.00392156862745098,0.009467421358155157,0.0,0.0,0.0091324200913242,0.017241379310344827,0.00806451612903226,0.013435833506475519,0.0017211703958691911,0.0,0.005714285714285714,0.0,0.0,0.0,0.0)


horizontalGamma0_05<-c(0.0,0.4475927425115482,0.004830917874396135,0.0,0.008542335816305612,0.06602148773886655,0.02442030222019984,0.023529411764705882,0.014492753623188406,0.006972139331232395,0.019138755980861243,0.01483352765902319,0.3984566818660119,0.010830324909747294,0.006779661016949152,0.0,0.3545369504209542,0.023529411764705882,0.20453819111537233,0.0,0.024096385542168672,0.0,0.011527377521613832,0.0,0.0,0.0,0.017045454545454544,0.053091211533130026,0.01388888888888889,0.0,0.0,0.0,0.011527377521613832,0.4629629629629629,0.0136986301369863,0.02127659574468085,0.007936507936507936,0.06755601162989566,0.02000712722089294,0.37156575086689786,0.0)
scrollingGamma0_05<-c(0.0038910505836575876,0.0,0.014367816091954023,0.019999999999999997,0.0,0.04534718941898913,0.007517956457337693,0.005208333333333334,0.023584905660377357,0.0,0.008771929824561403,0.020833333333333332,0.14587703727610132,0.010498687664041995,0.00234192037470726,0.02830188679245283,0.01584583824645851,0.003397840223398231,0.25472696324239774,0.0,0.008021390374331552,0.0,0.0047694753577106515,0.0,0.0,0.0,0.00392156862745098,0.03767202195178149,0.013100436681222707,0.0,0.0091324200913242,0.017241379310344827,0.00806451612903226,0.010768405276888634,0.005145797598627788,0.0,0.0,0.008758371973209686,0.0070826718769080475,0.06604324956165984,0.0)


horizontalGamma_m5<-c(0.7013241785188818,0.5812950129093626,0.6741456104566457,0.984656652360515,0.6502840714627969,0.6563978057467447,0.7396915546936326,0.7038477610980745,0.6369639282076498,0.6643648284289954,0.6187401717672674,0.850668647845468,0.5309508615188258,0.5991975592426966,0.569837493039032,0.7406421855596949,0.6546336721320013,0.7031036296685955,0.4826261821080474,0.9047445064982516,0.5960935458583747,0.6776633746585417,0.695832624420625,0.703747563264042,0.6315356597344612,0.6244343891402715,0.6559964866480427,0.6588157459477342,0.8192398617930533,0.5886654478976234,0.7170623089406347,0.7221411514990713,0.7608914377703995,0.5407869481765835,0.643434632282216,0.6325301204819277,0.9392318911035489,0.6424362540771618,0.7073283364711733,0.4751465161710441,0.8431923867200173)
scrollingGamma_m5<-c(0.9776027996500438,0.7433309524548927,0.7845861601085482,0.9427458617332035,0.9919367107865511,0.6400576628525092,0.9161951285704594,0.6897286357220846,0.9858693426172436,0.8422131147540984,0.7338145896656535,0.9334434741562426,0.6669477234401349,0.8176566677921865,0.9798655814876783,0.7658810862543366,0.6632860040567952,1.0,0.6696616325750334,0.9888987926424114,0.9860593136748363,1.0,0.8863295677571899,0.9910310965630114,0.9808528059457077,0.9831130690161528,0.8549724442679112,0.7801039521783696,0.8269856459330143,0.9747899159663865,0.97165991902834,0.9459800979308166,0.7746377213924823,0.9735685966353539,0.7259852917738667,1.0,0.755371958204603,0.9298195766444097,1.0,0.6719234746639089,1.0)

horizontalGamma_5<-c(0.0,0.12931827473426002,0.08444444444444445,0.0,0.1068702290076336,0.08464551405062959,0.12102903917365036,0.053231939163498096,0.07482993197278912,0.10625,0.04205607476635514,0.0779816513761468,0.20441841895129093,0.0352112676056338,0.05177993527508091,0.09090909090909091,0.1649684427121461,0.07262569832402235,0.12981590434617574,0.035667107001321,0.0898876404494382,0.08450704225352113,0.04722222222222222,0.0,0.0,0.19444444444444445,0.0797872340425532,0.1132349538524822,0.03619909502262444,0.11917098445595854,0.07272727272727272,0.07086614173228346,0.033802816901408454,0.21942078364565587,0.06493506493506494,0.08,0.031007751937984496,0.12341673276131421,0.08969326273507394,0.2041025641025641,0.0)
scrollingGamma_5<-c(0.0,0.019521001656429757,0.04189944134078212,0.0,0.0,0.08330578512396696,0.02799109279723627,0.07281553398058252,0.07174887892376682,0.0,0.10317460317460317,0.06622516556291391,0.09815113537659759,0.030848329048843187,0.0,0.10434782608695653,0.04971805940253714,0.0,0.06588921282798833,0.0,0.034055405123932514,0.0,0.030959752321981424,0.0,0.0,0.0,0.0,0.026859860525861857,0.03829787234042553,0.0,0.026905829596412557,0.07317073170731707,0.0,0.022887323943661973,0.02847571189279732,0.0,0.0755608028335301,0.010491668380991566,0.0,0.07419566644780039,0.0)


original<-data.frame(h_0_01=horizontalGamma0_01,s_0_01=scrollingGamma0_01,h_0_05=horizontalGamma0_05,s_0_05=scrollingGamma0_05)

original_y<-data.frame(h_m5=horizontalGamma_m5,s_m5=scrollingGamma_m5,h_0_01=horizontalGamma0_01,s_0_01=scrollingGamma0_01,h_0_05=horizontalGamma0_05,s_0_05=scrollingGamma0_05,h_1=horizontalGamma1,s_1=scrollingGamma1,h_5=horizontalGamma_5,s_5=scrollingGamma_5)

boxplot(original)
#boxplot(original_y)
